1 10
100 200
201 210
900 1000
23360 31307
3813 6869
31993 23333
12169 12178
6670 13379
19545 13545
31217 15137
24940 8424
15242 20436
22547 23276
32463 20558
7437 18698
19605 12510
26362 19630
12453 32246
16658 29314
14867 11057
11799 22930
21963 21396
30600 5549
14189 20245
32024 4366
17499 16729
6239 12604
13584 1474
708762 350693
64096 153282
457000 450671
3808 256873
862016 182198
526771 833600
52658 148806
574259 394639
88967 32298
413293 467372
174986 138266
381065 934960
558444 515232
328793 335239
10814 726662
977303 927177
895431 852179
89040 533375
351944 447621
959822 523485
52030 3159
238578 816153
314421 904506
494360 446025
106465 24336
267415 67542
604975 849311
564616 748716
540918 482757
889540 545756
510430 953751
933535 643356
798962 10560
996547 295687
35855 979588
55094 409518
173366 330667
149651 373657
867236 305217
424866 657789
325082 336020
723377 779020
84461 15539
107660 465869
984167 54364
64208 237140
800375 12172
430484 157060
633437 580626
277453 228274
151728 851009
79156 740687
225623 308915
505651 906914
317742 264164
86805 283974
234824 46174
811756 806089
492135 573334
452569 734912
593029 839512
30408 471166
984339 451620
378759 965642
312485 599266
200562 417706
875721 740819
364773 55892
844707 849788
442760 57867
906568 281236
646044 85996
476897 190028
394324 489919
519638 961028
716299 959028
316560 295917
565751 295381
236038 442142
921413 21583
665097 546590
231598 738321
789225 269837
363140 502723
831158 606489
719125 11350
692909 322859
600994 40650
684532 545358
207993 422830
168626 811275
890580 816594
501360 328179
404287 669853
608781 279019
946636 65497
901447 757068
702150 591487
930 318148
469070 982973
928464 197177
696308 46855
989088 951885
920295 298123
573802 668613
158763 812549
497843 893436
292113 31694
294889 136422
842949 643933
95049 137643
850446 209145
328716 80662
728616 894853
518898 592485
96199 548143
851386 678597
570728 340285
45132 707473
430521 390001
284447 181050
865666 96466
620188 305963
262762 394619
298788 314923
598004 783016
936058 78410
549390 768436
316904 793957
381147 321613
872635 443613
2171 44945
564278 269717
855107 15714
983337 734972
453865 687271
970687 304866
454710 805891
949789 918779
119753 32384
472202 200746
911491 845293
181333 301592
743237 346442
514660 761297
102595 789760
985159 933712
863842 10819
809404 325353
109919 447139
982849 665802
695845 108336
642052 649333
602826 680317
699074 65666
355869 929229
285097 472371
907674 708512
498274 652228
427675 166397
315097 845914
377455 201349
295073 153759
102471 819434
885261 559811
924824 810248
714221 747340
382992 77017
254194 246929
831813 31672
625835 486640
89644 697130
121581 998334
199482 546735
231733 375004
657001 654711
571611 571066
650815 431746
128630 790909
958916 76201
674901 520513
150130 884169
23992 222800
650545 730566
49710 839469
52282 358578
30306 520343
765559 596307
933226 935855
744954 257097
713577 119134
556824 273979
563706 31161
497298 568895
321808 945883
818829 263772
924244 311633
378223 103233
869251 961117
180154 377670
148963 414245
357603 210612
2227 546419
104238 805727
142387 79471
953688 136562
822266 193244
586754 605983
212811 52901
40008 402570
92380 200345
787854 637559
770410 567729
675023 858724
502217 336831
87567 206461
390903 990148
67850 302562
917919 677899
302640 943620
795522 459667
43287 808680
792416 70257
53102 684706
548100 606404
619472 163636
161981 934287
516816 371236
520028 677377
561423 50653
904800 359968
60327 242522
423886 653810
23744 878683
187353 703584
484259 837980
966514 191515
645795 400352
274373 142274
871570 579334
422316 466348
712595 513304
128184 893416
276925 952244
677562 256800
244738 889493
473175 55922
745471 556895
46495 845733
130604 326957
251218 280428
399315 547075
409990 573302
664156 968576
643784 725454
579952 227269
477586 123093
101594 782390
86564 6530
284962 827305
223632 873506
100146 947961
952351 95341
387224 724093
798356 896421
152284 43351
827993 375920
374954 629956
464640 435164
378649 177216
561165 314903
600826 517131
361246 943819
292949 460576
502772 452902
278484 297927
143329 19918
402138 462756
620745 674008
714691 530100
800969 812515
755127 546070
411020 960466
515438 666964
206539 737717
803336 223751
781473 89553
754249 621774
191658 583662
186350 935660
334605 979669
341010 665909
204542 337005
305963 886327
724747 642723
79557 930385
848517 312925
801904 839826
15569 949777
152346 30236
852469 420694
292512 16039
213676 667041
20456 581286
274032 646839
993635 482824
404077 469209
977222 628855
986275 87919
79068 688630
163295 887186
843775 257910
748690 114961
895763 30082
175911 397244
544762 904215
413236 501574
397141 599071
230322 108603
552548 136001
66247 597787
407746 503882
19485 756523
438163 925675
156969 881626
582549 408883
422440 957884
17274 681133
913510 470469
174170 187320
192391 936324
829479 556161
596992 424216
971311 831733
227112 173945
8600 26231
32423 22811
6760 30585
1165 6890
24506 30598
17310 4687
1277 27040
15074 27141
21142 23273
20490 2506
1749 28609
14337 11434
9000 19503
19907 11391
6543 23426
19314 9913
28240 15160
6567 24155
8684 19742
10502 32582
30545 13497
2581 9914
27217 17381
14158 21786
27219 6844
17778 11503
11593 32441
28193 9008
12002 11549
10408 1217
12288 11410
17690 30009
19052 25103
15778 19176
27849 27899
12823 27673
21190 3733
16849 4500
19864 8339
14267 4711
28840 24329
15530 7398
30344 2445
1005 241
29228 8089
9766 28533
8279 15409
7768 21301
27987 21701
7488 9931
741 24408
9961 27625
29312 9186
11899 10213
20409 15603
9299 2421
20219 2970
10841 7095
15484 8837
25230 10868
24431 27753
3045 15269
7548 4517
24916 16950
29293 24866
28458 28171
4138 16509
21155 15681
15079 26472
6074 12982
13724 27213
10558 21963
21173 22581
1832 24424
32011 28649
14124 14401
19732 12374
9102 11352
32342 18486
23607 30659
22818 10477
28168 4272
25726 16561
17518 21158
29795 8174
18743 28430
26665 3561
13988 18161
11583 20643
20415 4611
23071 11264
29422 30433
30081 23592
15049 30871
15823 3886
8489 23909
1242 8688
22657 29379
29643 9278
20338 21154
19292 26686
4761 3573
29768 8462
172 24688
29695 21676
1221 20879
6559 9491
19197 26331
30496 13479
9021 19305
31438 10707
1617 4259
15613 5617
28990 27722
22008 17258
2774 6076
20538 12062
18313 13427
2785 12550
32638 22991
8287 6167
10979 12309
9587 15722
14465 15543
21592 21147
12947 17366
30780 28527
9688 25349
11507 8889
32487 18768
18157 2686
20931 12413
30565 14167
16303 31633
220 24343
28483 7830
4038 8878
19136 13212
2947 27469
30881 24830
29584 8907
17010 29926
7423 19272
24037 23059
25636 14864
19491 18906
9874 31169
17248 24427
6470 6065
22194 28758
20257 24714
20515 20046
924 20535
28933 22060
32183 14596
3205 28727
7986 26112
12419 26018
29696 15526
20641 12118
22009 8637
10138 8690
30927 9597
17110 6928
29251 15091
27707 5067
4760 32423
26181 15486
8520 20603
11865 1485
20983 17622
14678 15082
1445 12546
24174 4369
11303 22227
25652 20565
23000 29578
25589 31135
25996 13816
30540 3572
8901 24551
25585 23286
3114 5813
14802 28846
29236 10050
5989 9352
555 16653
2108 17823
14673 27801
12762 26171
6237 16662
17093 24216
11050 7485
22492 27882
14513 26492
19435 5789
12085 6483
9597 12001
8381 6654
5873 9830
25543 11348
17616 2148
11323 29679
18014 18655
12446 21901
5231 18473
12168 14006
23164 12200
26968 24735
24054 3033
25126 2639
28634 18325
32761 19968
7302 27796
22842 3528
3531 19759
18281 2936
21315 31594
4623 14277
1253 12593
17908 31909
29654 3554
3217 1788
23938 19724
6088 21368
21740 23159
30163 697
22082 26468
24955 14518
14517 25877
25226 2908
29320 2192
21122 17528
25446 15265
6543 31446
6392 7966
14267 18090
16823 622
28257 5424
16895 29772
7652 24464
8037 20681
11168 18692
13899 28816
1057 26684
28082 23918
3475 16386
23887 12306
7802 11034
6624 31505
19620 16236
7104 26413
10331 27749
29625 25814
14303 22682
16922 5873
18195 17070
9226 23257
24438 26998
2844 4515
31829 16220
13092 3751
20287 27905
10824 20283
10426 26407
8026 24514
22836 7117
27237 4582
7740 31387
901 26657
28658 23681
23548 23170
17084 3740
19843 22702
4411 1113
5086 11557
17022 29916
1203 9670
16501 26531
31132 9622
21160 29798
8315 957
4392 14914
9742 23505
966 21015
28355 13143
16772 16431
20941 6279
9289 10528
2679 7760
25817 19955
21432 22940
13059 4997
25096 17365
7709 6446
12147 9896
25005 8865
19948 29961
27241 22803
13283 13687
10082 10144
14106 24961
31612 14058
10676 24201
25377 19459
19855 29640
8758 3725
4563 24978
3662 31263
20171 32219
18718 32491
29684 31227
32562 5534
23636 13742
32478 19080
15629 17247
15222 1021
25138 422
4289 2043
11737 28175
23212 1292
3442 5405
13628 8814
22871 17294
30918 23410
21156 23777
18018 10786
13128 31510
14493 17702
1116 15285
3182 29929
11956 24081
22124 17399
31156 5838
6205 3754
27749 15521
19026 13829
17608 12887
11729 31200
31083 12825
31443 15941
31033 24046
16080 16411
7574 14721
32599 32001
684 28965
29955 21117
14847 4630
29354 6230
2888 6145
19671 14910
14208 29639
21883 5300
29243 28543
16351 6441
1335 5050
221 32098
21045 29194
32592 31261
9991 30917
10441 23799
6123 13318
16004 29069
21527 8181
28314 1506
10389 28744
3447 3585
9553 28938
911 10979
6257 25755
17229 6290
21476 761
23372 18319
28990 32317
30922 9585
1987 12393
28250 22736
2241 22112
4824 29793
13860 31798
3234 25954
26436 32426
23813 8505
4097 17905
16374 22104
15890 7606
13315 9315
154 20062
16009 8085
28156 23440
16422 9056
15345 3061
28017 14419
7640 7740
16361 4417
23885 20322
29484 25504
24828 5680
25194 7983
5559 14341
23064 18652
28103 6869
12777 31972
27264 30834
17146 23612
25625 22282
3660 26928
954 27377
10104 5962
9173 17825
14238 4725
2746 30208
11423 354
13158 32225
26764 18219
6300 16588
1374 2102
13880 20482
231 30301
13503 14268
25864 10315
29498 12724
16421 41
25413 24806
470 25979
27491 31384
4063 22084
17300 152
10083 4977
42 28869
24148 27764
16088 3536
22830 28208
10764 9540
2277 30997
18046 30404
1307 652
16137 8340
22167 1429
8891 13660
17907 26286
18728 24360
660 20216
20739 13234
13792 17045
27887 7652
22186 30292
29330 153
20721 10384
24555 30372
21963 341
19174 21523
26524 15813
28462 19637
30347 10938
20035 25561
8503 12973
5580 2393
28069 727
16430 2007
3710 2965
9053 10311
2167 24593
25075 11949
19472 14623
29311 5160
6017 8037
12575 8752
13553 191
12113 21276
26858 13538
13830 7143
9482 13631
11768 819
21243 3114
25150 10638
19365 16187
20765 9973
20129 14580
32546 24982
3569 30117
109 16858
8687 30605
11344 26531
31108 17986
12057 17619
6810 32083
28203 16653
18132 11819
29268 19135
22652 6456
19546 31072
27581 589
10199 9462
10258 9285
71 5852
15870 2026
11360 14274
27902 16917
13218 24309
9660 23830
8750 9953
7301 29013
20187 27348
24573 12602
18311 20996
18449 27723
22443 3028
20782 19860
23858 8531
14256 22860
24460 5
26526 28085
7422 8679
5268 19268
572 30381
3584 26626
16441 29262
9105 4658
29758 25794
11757 9780
5690 32522
4003 23465
8537 10610
16992 28120
10967 3859
17509 9041
23319 667
31288 30927
31983 8273
22682 29539
5958 20819
27322 24015
17634 5154
2216 30000
15995 11873
21004 18657
19220 11226
16664 20891
2699 20162
27067 993
20078 21822
14616 24987
29968 14374
18742 20225
31452 18184
7417 11962
13802 17776
22609 2373
28624 28006
18609 17305
20923 31545
20931 10504
22206 9851
4698 19561
14441 11341
21928 1142
2462 20189
9393 1907
29600 28204
3071 27153
18797 7701
27031 1425
25934 23947
22317 2348
1196 21282
1172 15027
5669 13008
5752 10867
11743 12533
23887 24155
5148 9882
30861 14433
8719 19190
14871 7201
24815 9783
24059 6087
8009 8575
27230 5168
28826 22572
19382 20556
19229 3676
313 11207
14306 28848
28052 1256
18720 337
8161 11705
19148 22065
10451 15464
24938 3220
20532 15085
2852 5582
16018 31213
14105 16718
28469 2782
26359 10203
32340 9581
3788 23582
10120 31772
10009 1121
2176 17456
9513 16790
31735 29898
19872 1947
8419 340
5463 19132
25071 4894
1127 9850
4396 1609
20356 24970
27651 11749
7053 29473
7023 9046
8032 28015
1129 9468
6131 29033
31907 18451
17057 4044
14200 471
20929 15199
32547 19436
3965 12408
3632 26622
8930 30145
7473 1701
153593 539383
163270 270567
920399 699100
290600 194100
962410 698905
883409 824207
814296 290602
860738 576426
271076 53559
392380 591080
697073 196285
